34 21

23 38 16 49 44 50 48 34 33 19 18 31 11 15 20 47 44 30 39 33 45 46 1 13 27 16 31 36 17 23 38 5 30 16

8 16
14 27
8 26
1 8
5 6
23 28
4 33
13 30
12 30
11 30
9 21
1 14
15 22
4 11
5 24
8 20
17 33
6 9
3 14
25 34
10 17

22 7

44 41 40 41 37 42 46 16 50 47 30 7 32 6 20 14 47 25 11 1 35 12

1 10
10 20
4 5
1 8
2 12
8 8
2 16



34 21

23 38 16 49 44 50 48 34 33 19 18 31 11 15 20 47 44 30 39 33 45 46 1 13 27 16 31 36 17 23 38 5 30 16

8 16
14 27
8 26
1 8
5 6
23 28
4 33
13 30
12 30
11 30
9 21
1 14
15 22
4 11
5 24
8 20
17 33
6 9
3 14
25 34
10 17


3 3

5 3 2

1 2
2 3
1 3
